Entrance
;(3,20,0);(4,20,0);(5,20,0)
Exit
;(20,0,0)
Registers
;(1,1,1);(2,1,1);(3,1,1);(1,2,1);(2,2,1);(3,2,1)
;(1,5,1);(2,5,1);(3,5,1);(1,6,1);(2,6,1);(3,6,1)
;(1,9,1);(2,9,1);(3,9,1);(1,10,1);(2,10,1);(3,10,1)
;(1,13,1);(2,13,1);(3,13,1);(1,14,1);(2,14,1);(3,14,1)
SelfServe
StoreTopBorder
;(6,0,3);(7,0,3);(8,0,4);(9,0,4);(10,0,4);(11,0,4);(12,0,4);(13,0,5);(14,0,5);(15,0,5);(16,0,5);(17,0,5);(18,0,5);(19,0,5);(20,0,6);(21,0,6);(22,0,6)
StoreBackBorder
;(23,1,6);(23,2,6);(23,3,6);(23,4,6);(23,5,6);(23,6,6);(23,7,6);(23,8,6)
;(23,12,9);(23,13,9);(23,14,9);(23,15,9);(23,16,9);(23,17,9);(23,18,9);(23,19,9)
StoreBottomBorder
;(6,20,10);(7,20,10);(8,20,10);(9,20,10);(10,20,10);(11,20,7);(12,20,7);(13,20,7);(14,20,7);(15,20,7);(17,20,7);(16,20,7);(18,20,7);(19,20,7)
A1
;(6,5,8);(7,5,8);(8,5,8);(9,5,8);(10,5,8);(6,6,8);(7,6,8);(8,6,8);(9,6,8);(10,6,8)
A2
;(6,13,12);(7,13,12);(8,13,11);(9,13,11);(10,13,11);(6,14,10);(7,14,10);(8,14,10);(9,14,10);(10,14,10)
A3
;(15,5,6);(16,5,6);(17,5,6);(18,5,6);(19,5,6);(15,6,13);(16,6,13);(17,6,13);(18,6,14);(19,6,14)
A4
;(15,13,15);(16,13,15);(17,13,15);(18,13,15);(19,13,15);(15,14,15);(16,14,15);(17,14,15);(18,14,15);(19,14,15)


