Rectangles
(8,23,9,23)
(15,23,15,23)
(18,20,19,23)
(22,20,23,23)
(26,20,27,23)
(30,20,31,23)
(34,20,35,23)
(38,20,39,23)
(42,20,43,23)
(46,20,47,23)
(14,20,15,20)
(16,21,16,22)
(14,23,13,23)
(12,22,12,21)
(6,0,29,0)
(0,20,0,5)
(2,23,5,23)
(3,20,7,19)
(3,16,7,15)
(3,12,7,11)
(3,8,7,7)
(5,4,7,3)
(10,17,11,11)
(10,8,11,2)
(14,17,15,11)
(141,8,15,2)
(18,17,19,11)
(18,8,19,2)
(22,17,23,11)
(22,8,23,2)
(26,17,27,11)
(26,8,27,2)
(20,17,31,11)
(30,8,31,2)
(34,17,35,11)
(34,8,35,2)
(38,17,39,11)
(38,8,39,2)
(42,17,43,11)
(42,8,43,2)
(46,17,47,11)
(50,17,51,11)
(54,17,55,11)
(42,0,59,0)
(45,2,49,2)
(52,2,56,2)
(45,4,45,7)
(49,4,49,7)
(53,4,53,7)
(57,4,57,7)
(61,1,61,16)
(60,16,59,16)
(54,19,56,21)
(61,18,61,22)
(60,23,50,23)
Entrance
;(8,23,0);(9,23,0)
Exit
;(15,23,0)
Registers
;(18,20,1);(18,21,1);(18,22,1);(18,23,1);(19,20,1);(19,21,1);(19,22,1);(19,23,1)
;(22,20,1);(22,21,1);(22,22,1);(22,23,1);(23,20,1);(23,21,1);(23,22,1);(23,23,1)
;(26,20,1);(26,21,1);(26,22,1);(26,23,1);(27,20,1);(27,21,1);(27,22,1);(27,23,1)
;(30,20,1);(30,21,1);(30,22,1);(30,23,1);(31,20,1);(31,21,1);(31,22,1);(31,23,1)
;(34,20,1);(34,21,1);(34,22,1);(34,23,1);(35,20,1);(35,21,1);(35,22,1);(35,23,1)
;(38,20,1);(38,21,1);(38,22,1);(38,23,1);(39,20,1);(39,21,1);(39,22,1);(39,23,1)
;(42,20,1);(42,21,1);(42,22,1);(42,23,1);(43,20,1);(43,21,1);(43,22,1);(43,23,1)
;(46,20,1);(46,21,1);(46,22,1);(46,23,1);(47,20,1);(47,21,1);(47,22,1);(47,23,1)
SelfServe
;(14,20,2);(15,20,2);(16,21,2);(16,22,2);(14,23,2);(13,23,2);(12,22,2);(12,21,2)
ATopBorder
;(6,0,5);(7,0,5);(8,0,5);(9,0,5);(10,0,5);(11,0,5);(12,0,5);(13,0,5);(14,0,5);(15,0,5);(16,0,5);(17,0,5);(18,0,5);(19,0,5);(20,0,5);(21,0,5);(22,0,5);(23,0,5);(24,0,5);(25,0,5);(26,0,5);(27,0,5);(28,0,5);(29,0,5)
ALeftBorder
;(0,20,6);(0,19,6);(0,18,6);(0,17,6);(0,16,6);(0,15,6);(0,14,6);(0,13,6);(0,12,6);(0,11,6);(0,10,6);(0,9,4);(0,8,4);(0,7,4);(0,6,4);(0,5,4)
ALeftChunk
;(2,23,6);(3,23,6);(4,23,6);(5,23,6)
;(3,20,6);(4,20,6);(5,20,6);(6,20,6);(7,20,6);(3,19,6);(4,19,6);(5,19,6);(6,19,6);(7,19,6)
;(3,16,6);(4,16,6);(5,16,6);(6,16,6);(7,16,6);(3,15,6);(4,15,6);(5,15,6);(6,15,6);(7,15,6)
;(3,12,6);(4,12,6);(5,12,6);(6,12,6);(7,12,6);(3,11,6);(4,11,6);(5,11,6);(6,11,6);(7,11,6)
;(3,8,4);(4,8,4);(5,8,4);(6,8,4);(7,8,4);(3,7,4);(4,7,4);(5,7,4);(6,7,4);(7,7,4)
;(5,4,4);(6,4,4);(7,4,4);(5,3,4);(6,3,4);(7,3,4)
A1
;(10,17,18);(10,16,18);(10,15,18);(10,14,18);(10,13,18);(10,12,18);(10,11,18)
;(11,17,11);(11,16,19);(11,15,19);(11,14,19);(11,13,20);(11,12,20);(11,11,20)
A1b
;(10,8,4);(10,7,4);(10,6,4);(10,5,4);(10,4,3);(10,3,3);(10,2,3)
;(11,8,4);(11,7,7);(11,6,7);(11,5,7);(11,4,7);(11,3,7);(11,2,7)
A2
;(14,17,11);(14,16,11);(14,15,11);(14,14,11);(14,13,12);(14,12,12);(14,11,12)
;(15,17,21);(15,16,21);(15,15,21);(15,14,21);(15,13,21);(15,12,21);(15,11,21)
A2b
;(14,8,7);(14,7,7);(14,6,7);(14,5,7);(14,4,7);(14,3,7);(14,2,7)
;(15,8,23);(15,7,23);(15,6,23);(15,5,23);(15,4,23);(15,3,23);(15,2,23)
A3
;(18,17,21);(18,16,21);(18,15,21);(18,14,21);(18,13,21);(18,12,21);(18,11,21)
;(19,17,21);(19,16,21);(19,15,21);(19,14,21);(19,13,21);(19,12,21);(19,11,21)
A3b
;(18,8,22);(18,7,22);(18,6,22);(18,5,22);(18,4,22);(18,3,22);(18,2,22)
;(19,8,10);(19,7,10);(19,6,10);(19,5,10);(19,4,10);(19,3,10);(19,2,10)Drinks
A4
;(22,17,21);(22,16,21);(22,15,21);(22,14,21);(22,13,21);(22,12,21);(22,11,21)
;(23,17,21);(23,16,21);(23,15,21);(23,14,21);(23,13,21);(23,12,21);(23,11,21)
A4b
;(22,8,10);(22,7,10);(22,6,10);(22,5,10);(22,4,10);(22,3,10);(22,2,10)
;(23,8,10);(23,7,10);(23,6,10);(23,5,10);(23,4,10);(23,3,10);(23,2,10)
A5
;(26,17,21);(26,16,21);(26,15,21);(26,14,21);(26,13,21);(26,12,21);(26,11,21)
;(27,17,24);(27,16,24);(27,15,24);(27,14,24);(27,13,24);(27,12,24);(27,11,24)
A5b
;(26,8,10);(26,7,10);(26,6,10);(26,5,10);(26,4,10);(26,3,10);(26,2,10)
;(27,8,10);(27,7,10);(27,6,10);(27,5,10);(27,4,10);(27,3,10);(27,2,10)
A6
;(30,17,24);(30,16,24);(30,15,24);(30,14,24);(30,13,24);(30,12,24);(30,11,24)
;(31,17,9);(31,16,9);(31,15,9);(31,14,9);(31,13,9);(31,12,9);(31,11,9)
A6b
;(30,8,10);(30,7,10);(30,6,10);(30,5,10);(30,4,10);(30,3,10);(30,2,10)
;(31,8,26);(31,7,26);(31,6,26);(31,5,26);(31,4,26);(31,3,26);(31,2,26)
A7
;(34,17,9);(34,16,9);(34,15,9);(34,14,9);(34,13,9);(34,12,9);(34,11,9)
;(35,17,25);(35,16,25);(35,15,25);(35,14,25);(35,13,25);(35,12,25);(35,11,25)
A7b
;(34,8,27);(34,7,27);(34,6,27);(34,5,27);(34,4,27);(34,3,27);(34,2,27)
;(35,8,14);(35,7,14);(35,6,14);(35,5,14);(35,4,14);(35,3,14);(35,2,14)
A8
;(38,17,25);(38,16,25);(38,15,25);(38,14,25);(38,13,25);(38,12,25);(38,11,25)
;(39,17,9);(39,16,9);(39,15,9);(39,14,9);(39,13,9);(39,12,9);(39,11,9)
A8b
;(38,8,13);(38,7,13);(38,6,13);(38,5,13);(38,4,13);(38,3,13);(38,2,13)
;(39,8,29);(39,7,29);(39,6,29);(39,5,29);(39,4,29);(39,3,29);(39,2,29)
A9
;(42,17,9);(42,16,9);(42,15,9);(42,14,9);(42,13,9);(42,12,9);(42,11,9)
;(43,17,9);(43,16,9);(43,15,9);(43,14,9);(43,13,9);(43,12,9);(43,11,9)
A9b
;(42,8,29);(42,7,29);(42,6,29);(42,5,29);(42,4,29);(42,3,29);(42,2,29)
;(43,8,31);(43,7,31);(43,6,31);(43,5,31);(43,4,31);(43,3,31);(43,2,31)
A10
;(46,17,25);(46,16,25);(46,15,25);(46,14,25);(46,13,25);(46,12,25);(46,11,25)
;(47,17,8);(47,16,8);(47,15,8);(47,14,8);(47,13,8);(47,12,8);(47,11,8)
A11
;(50,17,8);(50,16,8);(50,15,8);(50,14,8);(50,13,8);(50,12,8);(50,11,8)
;(51,17,8);(51,16,8);(51,15,8);(51,14,8);(51,13,8);(51,12,8);(51,11,8)
A12
;(54,17,8);(54,16,8);(54,15,8);(54,14,8);(54,13,8);(54,12,8);(54,11,8)
;(55,17,8);(55,16,8);(55,15,8);(55,14,8);(55,13,8);(55,12,8);(55,11,8)
Bakery
;(42,0,17);(43,0,17);(44,0,17);(45,0,17);(46,0,17);(47,0,17);(48,0,17);(49,0,17);(50,0,17);(51,0,17);(52,0,17);(53,0,17);(54,0,17);(55,0,17);(56,0,17);(57,0,17);(58,0,17);(59,0,17)
;(45,2,17);(46,2,17);(47,2,17);(48,2,17);(49,2,17)
;(52,2,17);(53,2,17);(54,2,17);(55,2,17);(56,2,17)
;(45,4,17);(45,5,17);(45,6,17);(45,7,17)
;(49,4,17);(49,5,17);(49,6,17);(49,7,17)
;(53,4,17);(53,5,17);(53,6,17);(53,7,17)
;(57,4,17);(57,5,17);(57,6,17);(57,7,17)
ARightBorder
;(61,1,30);(61,2,30);(61,3,30);(61,4,30);(61,5,30);(61,6,30);(61,7,31);(61,8,31);(61,9,31);(61,10,31)
;(61,11,8);(61,12,8);(61,13,8);(61,14,8);(61,15,8);(61,16,8)
;(60,16,8);(59,16,8)
BottomRightBlock
;(54,19,10);(55,19,10);(56,19,10)
;(54,20,10);(56,20,10)
;(54,21,10);(55,21,10);(56,21,10)
ARightBorder2
;(61,18,10);(61,19,10);(61,20,10);(61,21,10);(61,22,10)
ABottomBorder
;(60,23,10);(59,23,10);(58,23,10);(57,23,10);(56,23,10);(55,23,10);(54,23,10);(53,23,10);(52,23,10);(51,23,10);(50,23,10)
