(16,11,18,11)
(1,11,3,11)
(0,7,0,10)
(0,3,0,5)
(4,0,5,0)
(4,3,5,10)
(9,0,10,8)
(14,2,15,10)
(19,0,19,8)
(6,11,13,11)
Entrance
;(16,11,0);(17,11,0);(18,11,0)
Exit
;(1,11,0);(2,11,0);(3,11,0)
Registers
;(0,7,1);(0,8,1);(0,9,1);(0,10,1)
SelfServe
A0
;(0,3,16);(0,4,16);(0,5,16)
A0.5
;(4,0,4);(5,0,4)
A1
;(4,3,3);(5,3,4);(4,4,6);(5,4,6);(4,5,6);(5,5,6);(5,6,6);(5,7,6);(5,8,6);(5,9,6);(5,10,6)
A2
;(9,0,6);(10,0,6);(9,1,6);(9,2,6);(9,3,6);(9,4,6);(9,5,6);(9,6,6);(9,7,6);(9,8,6);(10,1,6);(10,2,6);(10,3,6);(10,4,6);(10,5,6);(10,6,6);(10,7,6);(10,8,6)
A3
;(14,2,6);(14,3,6);(14,4,6);(14,5,6);(14,6,6);(14,7,6);(14,8,6);(14,9,6);(14,10,6);(15,2,6);(15,3,6);(15,4,6);(15,5,6);(15,6,6);(15,7,6);(15,8,6);(15,9,6);(15,10,6)
A4
;(19,0,6);(19,1,6);(19,2,6);(19,3,6);(19,4,6);(19,5,6);(19,6,6);(19,7,6);(19,8,6)
ABottom
;(6,11,6);(7,11,6);(8,11,6);(9,11,6);(10,11,6);(11,11,6);(12,11,6);(13,11,6)
