Entrance
;(51,23,0);(52,23,0);(53,23,0)
Exit
Registers
;(3,20,1);(3,21,1);(3,22,1);(3,23,1);(4,20,1);(4,21,1);(4,22,1);(4,23,1)
;(7,20,1);(7,21,1);(7,22,1);(7,23,1);(8,20,1);(8,21,1);(8,22,1);(8,23,1)
;(11,20,1);(11,21,1);(11,22,1);(11,23,1);(12,20,1);(12,21,1);(12,22,1);(12,23,1)
;(15,20,1);(15,21,1);(15,22,1);(15,23,1);(16,20,1);(16,21,1);(16,22,1);(16,23,1)
;(19,20,1);(19,21,1);(19,22,1);(19,23,1);(20,20,1);(20,21,1);(20,22,1);(20,23,1)
;(23,20,1);(23,21,1);(23,22,1);(23,23,1);(24,20,1);(24,21,1);(24,22,1);(24,23,1)
;(39,20,1);(39,21,1);(39,22,1);(39,23,1);(40,20,1);(40,21,1);(40,22,1);(40,23,1)
SelfServe
;(29,20,2);(30,20,2);(31,20,2);(32,20,2);(33,20,2);(34,20,2);(35,20,2)
;(27,21,2);(27,22,2)
;(28,23,2);(29,23,2);(30,23,2);(31,23,2);(32,23,2);(33,23,2)
;(36,21,2);(36,22,2)
ARightBorder
ATopBorder
;(25,0,10)
ALeftBorder
;(0,3,25);(0,4,25);(0,5,25);(0,6,25);(0,7,25);(0,8,25);(0,9,25);(0,10,25);(0,11,25);(0,12,20);(0,13,20);(0,14,20);(0,15,20);(0,16,20)
A1
;(3,3,25);(3,4,25);(3,5,25);(3,6,25);(3,7,25);(3,8,25);(3,9,25);(3,10,25);(3,11,19);(3,12,19);(3,13,19);(3,14,19);(3,15,19);(3,16,19)
;(4,3,9);(4,4,9);(4,5,9);(4,6,9);(4,7,9);(4,8,9);(4,9,9);(4,10,9);(4,11,9);(4,12,9);(4,13,9);(4,14,9);(4,15,9);(4,16,9)
A2
;(7,3,9);(7,4,9);(7,5,9);(7,6,9);(7,7,9);(7,8,9);(7,9,9);(7,10,9);(7,11,9);(7,12,9);(7,13,9);(7,14,9);(7,15,9);(7,16,9);(7,16,9)
;(8,3,29);(8,4,29);(8,5,29);(8,6,29);(8,7,29);(8,8,29);(8,9,29);(8,10,29);(8,11,29);(8,12,29);(8,12,29);(8,13,29);(8,14,29);(8,15,29);(8,16,29)
A3
;(11,3,13);(11,4,13);(11,5,13);(11,6,13);(11,7,13);(11,8,13);(11,9,13);(11,10,13);(11,11,13);(11,12,13);(11,13,13);(11,14,13);(11,15,13);(11,16,13)
;(12,3,14);(12,4,14);(12,5,14);(12,6,14);(12,7,14);(12,8,14);(12,9,27);(12,10,27);(12,11,27);(12,12,27);(12,13,27);(12,14,27);(12,15,27);(12,16,27)
